2.310356953070560881e-01
1.911728794251853769e-01
9.532027794139734389e-02
2.539270633621301329e-02
4.721416456367494123e-03
1.842024656495309335e-03
7.293105856519176361e-04
3.119537996296424618e-04
1.981239581288089585e-04
1.503239064442982327e-04
1.361034474627428241e-04
1.090784095896422880e-04
1.011455710609086926e-04
9.370825296728771978e-05
8.283011315731722080e-05
8.211051823106153683e-05
7.475891990922003819e-05
7.013982729481156835e-05
7.011125403755162167e-05
6.447781079041695529e-05
6.407477747748793132e-05
6.274311330361238826e-05
5.953990077921373199e-05
6.086855724179882033e-05
6.039484271354271782e-05
6.024370522119429317e-05
6.288221995079863486e-05
6.426275943314507517e-05
6.780208369425871646e-05
7.283473661111299492e-05
7.938778758532275524e-05
9.048849803079119999e-05
1.054864503809447099e-04
1.270494845504700971e-04
1.577815265891303594e-04
1.925927770655517721e-04
2.279717330480578185e-04
2.739671579582599308e-04
3.225582377121757600e-04
3.681558928042069764e-04
4.054364742501417743e-04
4.713008399454862284e-04
5.466334807833720267e-04
6.323540044908738294e-04
7.229410050664291038e-04
8.171064301498755233e-04
9.261562664822580544e-04
1.028717717633177882e-03
1.123382422790847931e-03
1.231064502413869001e-03
1.357920741513921536e-03
1.493621907591558429e-03
1.626783813412178460e-03
1.761999234116395745e-03
1.894300934507928960e-03
2.048802551934752417e-03
2.193323079443999617e-03
2.346932910473188087e-03
2.510918593526828384e-03
2.666605249202115818e-03
2.834952865554823953e-03
3.017181821441080811e-03
3.204972787431324948e-03
3.428872079392025849e-03
3.646757452627346231e-03
3.879345270578523752e-03
4.108283230878655504e-03
4.347749684551233985e-03
4.576850061261063425e-03
4.787987634216106340e-03
5.014443480773748442e-03
5.218450522186803692e-03
5.361009270006813696e-03
5.483720131020716065e-03
5.646108719379095732e-03
5.786011658129571432e-03
5.888494908786946064e-03
6.064641520515965355e-03
6.244567321481507560e-03
6.373919209024865584e-03
6.559671698687961211e-03
6.719518019078028932e-03
6.823238191003623207e-03
6.929208882902329440e-03
7.067696693490650370e-03
7.175983323083056330e-03
7.217055124610686351e-03
7.314662123338301798e-03
7.388817997133774636e-03
7.468286992923933373e-03
7.498082884823421661e-03
7.586034378380662052e-03
7.664227352655833374e-03
7.761580199779408856e-03
7.809643426201831433e-03
7.811281876927344756e-03
7.760201916080521761e-03
7.662628002177093896e-03
7.523270963025846872e-03
7.354025544852922473e-03
7.226088785471742638e-03
7.076931871008162143e-03
6.972990632302728496e-03
6.865146136270020363e-03
6.784709409372128089e-03
6.618116792557426215e-03
6.474642948577276694e-03
6.375632100604806604e-03
6.242859693396313366e-03
6.062104516042409776e-03
5.908566870084197044e-03
5.761994331546996771e-03
5.568651130514461201e-03
5.392584223134642453e-03
5.159773834547964899e-03
4.969030047998256559e-03
4.766226091101404341e-03
4.561351324981039422e-03
4.316069461528244944e-03
4.091348312457409632e-03
3.902576832586459026e-03
3.649528306653731461e-03
3.437202687738931655e-03
3.223150642543378894e-03
3.045673870496132685e-03
2.853695418461667938e-03
2.664038919543483108e-03
2.503218852623109465e-03
2.349839863435469658e-03
2.206115627490384985e-03
2.050096619717497754e-03
1.915706063834701073e-03
1.768478596163989463e-03
1.650943254353241579e-03
1.515994016098233099e-03
1.397749606350745435e-03
1.283955857385399042e-03
1.191030361281468757e-03
1.081651932490597422e-03
9.965667877932155895e-04
9.265728344959949479e-04
8.596083983961438609e-04
7.768850589896407000e-04
7.320145181020908673e-04
6.843919213837200942e-04
6.336187470885355300e-04
5.913288224882478792e-04
5.472936734116397306e-04
5.146509827756790478e-04
4.709609685696574516e-04
4.460616306511286334e-04
4.019753504825814331e-04
3.853539859633719361e-04
3.556784025155051445e-04
3.362921993924903913e-04
3.122831440159540067e-04
2.962242215080710425e-04
2.713143566000255345e-04
2.563825738982632076e-04
2.400785229202037077e-04
2.251196708168271324e-04
2.101405166622392136e-04
1.902219486408030847e-04
1.774203774605484865e-04
1.656015759444693649e-04
1.545730505699731752e-04
1.426903351889708218e-04
1.349341996985550752e-04
1.266231414750393900e-04
1.167428098856972715e-04
1.105612112558662760e-04
1.038938672526169865e-04
9.789649093932991904e-05
9.168707098006140591e-05
8.796653211369436583e-05
8.257295384197825625e-05
7.825012078968541455e-05
7.533940818828946200e-05
7.168654282595889667e-05
6.793667877450925048e-05
6.659448761111692275e-05
6.361760536132962456e-05
6.176184749508179677e-05
5.801273537145481001e-05
5.524864869547144077e-05
5.359290363004281968e-05
5.182286553557473031e-05
4.979115655883183507e-05
4.839106695309699520e-05
4.622777060739404099e-05
4.462842012866268773e-05
4.276890262330172547e-05
3.967622348882959274e-05
3.833478425325989055e-05
3.683092860800233996e-05
3.385930985297346121e-05
3.351793462149998899e-05
3.280435511782526869e-05
3.003049338014774711e-05
2.893267875910974298e-05
2.692954303962672666e-05
2.550012824880942299e-05
2.428952445437710679e-05
2.315185765873977965e-05
2.168935804372682010e-05
2.062989174164290822e-05
1.974712847787672660e-05
1.933883167018930353e-05
1.827184608987908544e-05
1.727403786925069481e-05
1.625893530870185579e-05
1.632510495709318788e-05
1.490546522797008229e-05
1.446408359608699487e-05
1.381441795733573681e-05
1.312264436051726558e-05
1.232484894070815280e-05
1.217671915965027097e-05
1.108717574466118843e-05
1.055781855753054187e-05
9.917927980473456486e-06
9.204348476798753122e-06
8.551675126756981047e-06
7.342575187969922710e-06
7.070377316178311001e-06
6.541772056870284902e-06
6.162800434265386627e-06
5.405609116878219005e-06
5.223642583802056604e-06
5.040924122903266122e-06
4.898809764426425881e-06
4.579992367631828274e-06
4.612325264004867933e-06
4.421335597057160093e-06
4.152145436556060707e-06
4.464947410769628585e-06
5.035660628144862781e-06
5.364253086633636448e-06
4.439381864800250124e-06
3.815281772018372222e-06
4.122820251473538453e-06
3.856637802262954778e-06
4.140866519216629331e-06
4.041612046629631196e-06
3.360365439327967066e-06
2.673103409445272362e-06
2.038476327146591589e-06
1.236921268224324217e-06
6.256039484271354399e-07
3.789716226048992807e-07
9.925447258699746029e-08
1.353470080731783429e-08
0.000000000000000000e+00
0.000000000000000000e+00
0.000000000000000000e+00
0.000000000000000000e+00
