2.744461601288451646e+01 6.294061415218355833e+05
6.450754739497079449e+00 5.559428818387488136e+05
1.840060043588759342e+01 5.907446900624241680e+05
1.914301369444327960e+01 5.930121509188954951e+05
6.893968841281189697e+00 5.559287867105408804e+05
6.659951192215800120e+00 5.569175414289233740e+05
6.773566695833246776e+00 5.468688532034428790e+05
7.093136622520557211e+00 5.470277888540804852e+05
1.728437694282270698e+01 5.981762481888271868e+05
1.682825966040363141e+01 6.016790108766997000e+05
7.210597385364626355e+00 5.552595722559860442e+05
6.585525276382574233e+00 5.544732582441528793e+05
6.760853729389452837e+00 5.421965575004080310e+05
7.181866990913016835e+00 5.493024179050391540e+05
2.765824953599882008e+01 6.290842824970436050e+05
1.627968252014778727e+01 5.954773499534355942e+05
1.629362699136563819e+01 6.064836934857150773e+05
1.161469426225162849e+01 5.806626320989835076e+05
1.246950134428418444e+01 5.836373173590998631e+05
1.618185479049087760e+01 6.089914933983262163e+05
1.562097217073130118e+01 6.101140059431041591e+05
1.967957746110230133e+01 5.991921120576054091e+05
2.071557466167428174e+01 6.036405305546855088e+05
1.961259080870265592e+01 6.058562149336049333e+05
9.002531622248113763e+00 5.543109234060688177e+05
2.849725947605367082e+01 6.334866094542226056e+05
6.409506228950212048e+00 5.563791940772240050e+05
6.441211158997111497e+00 5.554892158809644170e+05
6.841303698789459098e+00 5.359257853524693055e+05
6.870900195644549235e+00 5.556990827173815342e+05
7.005089821025040742e+00 5.513074187169033103e+05
9.758598380764317071e+00 5.676841977798586013e+05
6.618555322217231307e+00 5.497340177588856313e+05
2.584757305420886553e+01 6.296837945892721182e+05
2.545933998480096605e+01 6.243044730503561441e+05
7.612731072444079317e+00 5.444265411956915632e+05
6.968953963191882650e+00 5.375215187562403735e+05
7.417365940033984195e+00 5.415214061667764327e+05
7.514651156622399242e+00 5.419641071147116600e+05
6.235580052008030449e+00 5.521164600463756360e+05
1.529500750990522384e+01 6.033677369047084358e+05
7.331074695829696175e+00 5.535455201758292969e+05
7.806958788633560964e+00 5.579482393265421269e+05
1.949179151523652820e+01 6.031245004146069987e+05
6.661348698121029699e+00 5.559570476002183277e+05
6.649402908509846277e+00 5.527221851075814338e+05
8.219478026863653142e+00 5.512806127327013528e+05
6.071368471121087573e+00 5.512704896231637103e+05
5.936991723715896008e+00 5.653420976781744976e+05
7.363156082540836422e+00 5.454250013187411241e+05
7.598565469793962635e+00 5.434326409664897947e+05
8.125986828110914217e+00 5.544392044150617439e+05
8.242929572170039521e+00 5.532637871219235240e+05
7.021961228983150782e+00 5.495373735951615963e+05
7.187213853368650263e+00 5.499185477627182845e+05
1.664063864266423565e+01 6.080952080853014486e+05
3.930803191448165279e+01 6.638065488136461936e+05
6.864332611870968215e+00 5.499268850469213212e+05
6.796489537693504168e+00 5.492638741850663209e+05
7.645588423281207469e+00 5.471238169755777344e+05
7.462323585157818684e+00 5.509602146346982336e+05
7.022477653935275121e+00 5.502587127778428840e+05
2.061131680964439994e+01 6.112142594565214822e+05
2.203476955528094550e+01 6.110189250778421992e+05
6.635224637163988248e+00 5.552152834507065127e+05
1.666104096007766699e+01 6.086562302575233625e+05
1.678456696829655215e+01 6.120173564174973872e+05
1.750614613962272514e+01 6.115056594034298323e+05
1.808210038205540826e+01 6.149335099929401185e+05
1.976039446241004427e+01 6.148789708096067188e+05
6.147101178774744490e+00 5.586929522475274280e+05
6.221976855343619661e+00 5.587771763612077339e+05
6.442979864700034476e+00 5.684024369152792497e+05
6.456125419428560441e+00 5.642763533357748529e+05
1.842830566296794714e+01 6.060459766115401872e+05
1.799963848750693174e+01 5.999475522662507137e+05
7.259909595862223064e+00 5.464962645424078219e+05
7.701894316105092564e+00 5.528393560106928926e+05
6.911000675831758144e+00 5.427754821351177525e+05
7.070187116736062372e+00 5.451237324123842409e+05
2.648420494883725240e+01 6.313242677743152017e+05
2.919671867907589302e+01 6.388110888263407396e+05
6.870551420791723096e+00 5.480422506424189778e+05
7.167484923407214659e+00 5.520915234049153514e+05
6.363170844398524650e+00 5.450101418579979800e+05
6.787494598973079718e+00 5.469819123070044443e+05
7.164879315517758585e+00 5.588504588384717936e+05
7.218565523861378175e+00 5.591147338680444518e+05
1.602796268753817444e+01 6.121906461895437678e+05
6.750920608000765100e+00 5.571084506811471656e+05
6.802245747906927598e+00 5.483488957464564592e+05
7.530029271228105614e+00 5.552896155652203597e+05
1.572133860539127070e+01 6.056827607171218842e+05
3.176341127237096629e+01 6.366101001395136118e+05
7.010770454743648017e+00 5.550776555487920996e+05
6.874306635901192841e+00 5.565480706258066930e+05
6.317398644371173155e+00 5.523003652534388239e+05
7.183558971125149739e+00 5.670804388499400811e+05
1.618343959064854687e+01 6.017360827126549557e+05
7.262705328987829390e+00 5.484111603220826946e+05
6.299315896236711509e+00 5.468419799266551854e+05
6.732209977927279709e+00 5.505114761771116173e+05
1.640189065330299201e+01 6.034756795575785218e+05
1.604501585013658982e+01 6.039817579734084429e+05
1.911597776448938291e+01 6.118470131310218712e+05
1.890826906541834518e+01 6.066435571085395059e+05
7.612710795697143595e+00 5.512176191516782856e+05
7.649278245048682479e+00 5.557703637663442641e+05
6.497715554545691496e+00 5.494147448518231977e+05
7.464869393475503045e+00 5.460808337391501991e+05
1.578171694182901064e+01 6.056371402820768999e+05
1.699085163766284978e+01 6.077119487974671647e+05
7.459659148981813814e+00 5.558858788755267160e+05
7.917577937228409191e+00 5.577300728810644941e+05
2.820627279032812140e+01 6.310254992072599707e+05
2.767148826685615504e+01 6.209501753174762707e+05
6.335639853421457524e+00 5.496713799523111666e+05
6.628900339094271565e+00 5.503413589245436015e+05
7.890538640872786225e+00 5.437666595418582438e+05
7.240438017534758686e+00 5.398954353902710136e+05
6.791324866032425689e+00 5.674771000938641373e+05
6.650859371099624440e+00 5.506183274157509441e+05
6.580893827688840680e+00 5.583291127831637859e+05
1.968088539856561070e+01 6.084282373446951387e+05
2.018061526098383140e+01 6.095102378850169480e+05
2.539506031510692097e+01 6.184371230461448431e+05
9.395700712013557165e+00 5.463796904519100208e+05
6.862774567237388545e+00 5.529300375592636410e+05
6.639131672808400886e+00 5.493173944738121936e+05
1.585922597921697985e+01 6.203958683660647366e+05
1.673750491129781892e+01 6.218667772125977790e+05
2.887807967191314518e+01 6.290904258847330930e+05
3.188285444477978814e+01 6.335322253597350791e+05
7.151995405067580691e+00 5.476980256694749696e+05
7.258449164110205132e+00 5.434110037336739479e+05
1.675855146954123143e+01 6.024405370129963849e+05
1.687813711194128530e+01 6.023250090389534598e+05
1.917359886310625683e+01 6.190688607571221655e+05
1.876299645660175486e+01 6.178795058162611676e+05
7.199005204097954191e+00 5.476622253189651528e+05
7.413880870581132321e+00 5.474164333560726373e+05
7.969160517240476693e+00 5.439758183235320030e+05
8.185847803452613647e+00 5.433266705278537702e+05
6.543245631226207060e+00 5.541828233670037007e+05
6.681761993524714782e+00 5.533128262606492499e+05
6.643075352503637454e+00 5.188780200846343068e+05
6.549413960365637166e+00 5.189751943346844637e+05
8.328169929245001768e+00 5.469911873000249034e+05
8.874393102917563780e+00 5.495090106551606441e+05
8.134514101689086729e+00 5.552066780937726144e+05
6.832649219892002357e+00 5.475216282305781497e+05
6.434026045264458205e+00 5.592447095329030417e+05
6.392187571742699248e+00 5.573963445087182336e+05
6.894220594634098198e+00 5.586271157744238153e+05
6.819458756567843949e+00 5.564598029547366314e+05
7.780299025074293162e+00 5.504765145936292829e+05
7.614579861321723264e+00 5.457819780571116135e+05
7.747529889187891428e+00 5.458600240300971782e+05
1.607284392606934631e+01 6.032695541143389419e+05
2.583025016725495604e+01 6.145770994967195438e+05
6.774841745158274087e+00 5.533748572033001110e+05
7.176730629247813908e+00 5.526513263854351826e+05
8.078867178821090178e+00 5.479220750842035050e+05
8.156951076521753663e+00 5.456129742772231111e+05
7.034902231464225331e+00 5.470853534872038290e+05
7.171849836883137819e+00 5.496743388301528757e+05
2.343844209716021965e+01 6.137222512576061999e+05
2.695347274819832251e+01 6.190595976991330972e+05
6.970004920147750305e+00 5.501368876526510576e+05
7.441293816715197629e+00 5.482245546100304928e+05
1.731450197308019057e+01 5.964693951039356180e+05
2.348570628137100869e+01 6.057853944561395328e+05
2.757239292955298993e+01 6.269339880406343145e+05
7.518552132626579620e+00 5.507470148626490263e+05
6.489729502813383455e+00 5.528329143607290462e+05
1.596173206678250267e+01 6.034352216701462166e+05
6.835437807368746732e+00 5.450356783561519114e+05
7.104328016849065008e+00 5.349545952177998843e+05
1.869428855300489545e+01 6.014199586135477293e+05
7.595242219533507644e+00 5.361457409421694465e+05
7.067692235505840692e+00 5.260400996850789525e+05
7.654882638964894959e+00 5.318219713498647325e+05
8.605368481841676243e+00 5.502429260125659639e+05
7.725430437223961277e+00 5.456152441285168752e+05
2.642254302740875360e+01 6.185370022822798928e+05
1.195640340919092104e+01 5.633571478039254434e+05
7.272239714669146871e+00 5.572534669775178190e+05
7.316837605428971436e+00 5.581369586995674763e+05
3.275947668575968663e+01 6.495834682586488780e+05
3.275426238326345896e+01 6.429730395207297988e+05
2.161128392530738651e+01 6.185198594088319223e+05
1.702662196100272851e+01 5.984448182590382639e+05
7.420325209846319936e+00 5.387026029224230442e+05
6.936439146462737959e+00 5.323207914470847463e+05
1.533718288853541445e+01 6.141597943350753048e+05
1.531120622589291358e+01 6.136492066649881890e+05
6.889580150618115795e+00 5.486019779510473600e+05
6.844091975323831178e+00 5.494042712810629746e+05
7.100384711712562691e+00 5.395754037801780505e+05
1.707667374421604478e+01 5.989537787080714479e+05
1.773624058126320691e+01 6.016216399423594121e+05
1.763872105765868525e+01 5.979595843938149046e+05
1.876138192818094197e+01 6.006674533066478325e+05
1.808084153569574326e+01 5.975329326206201222e+05
6.416102892841767158e+00 5.579146952797401464e+05
1.654572251042836228e+01 5.833019610545902979e+05
1.151744313778902296e+01 5.684587936970301671e+05
1.254406704408106599e+01 5.749565498867781134e+05
1.582674791771629152e+01 5.783323481936296448e+05
1.709870238404205978e+01 5.958162990397021640e+05
2.943168374649213703e+01 6.327660042122938903e+05
2.432759340807910320e+01 6.092778174199748319e+05
1.235511704702440916e+01 5.662206415419562254e+05
1.118857828028937007e+01 5.589060941074098228e+05
1.214820787752758413e+01 5.633488144630369497e+05
1.807025695037545532e+01 5.901715303491736995e+05
1.774379523832728722e+01 5.813346876808474772e+05
1.781144830809351376e+01 6.005687521745405393e+05
1.782243974138529552e+01 6.009373099073311314e+05
6.664699173015129041e+00 5.436149839055843186e+05
6.995277736905975985e+00 5.466542977001919644e+05
9.538793996415641629e+00 5.502587018960441928e+05
9.262473752109009695e+00 5.478846702180436114e+05
1.944053174941753070e+01 6.083624044181704521e+05
1.918080305386943962e+01 6.042612597506019520e+05
7.807512223527037776e+00 5.438062744236075087e+05
7.892638199097830487e+00 5.379886516908213962e+05
8.571597845309241848e+00 5.413845266773892799e+05
6.890204578491487553e+01 6.801539839068762958e+05
2.726637145912482652e+01 6.187083633584836498e+05
2.666546512726776541e+01 6.201801292745951796e+05
2.846089031398533820e+01 6.241677758759179851e+05
2.375911007708646139e+01 6.208461787784794578e+05
2.420322905721400275e+01 6.190873378104111180e+05
1.962051337495276826e+01 5.958171675487044267e+05
2.069410927858128701e+01 6.002354353439690312e+05
9.520958829202681883e+00 5.489289113742780173e+05
9.544048463088444123e+00 5.463800372830968117e+05
6.950297047416047036e+00 5.309038384319355246e+05
1.688553586288645292e+01 5.886894993983998429e+05
1.490080081633144893e+01 6.076994626380905975e+05
1.555797184945157952e+01 6.058844180881712819e+05
2.157742534447526239e+01 6.084991841383727733e+05
2.200727520855685526e+01 6.077085875123332953e+05
6.757068064892061798e+00 5.334963454897004412e+05
6.863368707368223909e+00 5.312301503091790946e+05
6.776080807375069348e+00 5.204043653287153575e+05
7.052750825833598469e+00 5.266779315362687921e+05
7.351946706723075486e+00 5.371411390684080543e+05
7.941407361453249436e+00 5.429644778329195688e+05
1.704112206349408609e+01 5.994067433207811555e+05
1.830807967515075774e+01 6.042416820707821753e+05
1.758978902407495326e+01 6.024434449484602083e+05
2.349084051637227688e+01 6.145575160280246055e+05
1.629806725637352116e+01 5.777284597025380936e+05
7.182327147868821982e+00 5.266388466461319476e+05
7.136826434451922552e+00 5.355261579878393095e+05
7.137323878359461027e+00 5.343831245687768096e+05
7.213762017910559265e+00 5.426954741423216183e+05
1.101073733267811683e+01 5.536459520989845041e+05
1.655997890864438205e+01 6.056084933486356167e+05
1.670819881004606700e+01 5.993012420921633020e+05
6.457473080433594248e+00 5.613298657802968519e+05
6.277032872039289835e+00 5.637885543469537515e+05
6.386220160941679325e+00 5.661288638523078989e+05
2.020119156971669128e+01 5.919250353740738938e+05
2.091296811204001926e+01 5.927367623762863223e+05
1.705222687961131101e+01 5.824631364955124445e+05
1.629144786122581934e+01 5.772997333990650950e+05
1.800430466601959267e+01 5.893044464195467299e+05
1.848168273512726145e+01 5.887112729781878879e+05
7.480996261957409743e+00 5.439433847585817566e+05
7.163926639668990681e+00 5.404888963269434171e+05
2.815222463556136034e+01 6.183330890394301387e+05
1.584175793940760002e+01 6.057250099056515610e+05
7.628973593396872310e+00 5.465361446880133590e+05
7.895580978139444817e+00 5.497671108776490437e+05
2.361636452542357745e+01 6.122109178004107671e+05
1.750146626671972783e+01 5.925104355912449537e+05
6.860608370079021689e+00 5.405785071724823210e+05
6.596530530252322500e+00 5.349090253156410763e+05
7.804020277255172111e+00 5.416166374107066076e+05
9.207967927087223003e+00 5.563501875214511529e+05
1.739528497557776632e+01 5.976193877739163581e+05
1.702417762150946601e+01 5.923314118598569185e+05
8.050591562643905519e+00 5.412679182748715393e+05
8.023949644381158208e+00 5.417578974548549158e+05
2.425670893632719682e+01 6.190819278189239558e+05
2.650361344380996798e+01 6.231340635950516444e+05
1.815753473774417159e+01 5.897515812426127959e+05
2.776120443602463794e+01 6.150579661057831254e+05
7.323916055062204222e+00 5.545288312321680132e+05
7.612930820409396837e+00 5.550419690112563549e+05
6.879801048738084290e+00 5.344982103250983637e+05
6.941143083689382820e+00 5.276661525111634983e+05
2.867284371486317696e+01 6.246768678534469800e+05
7.400886173981024108e+00 5.469096042370490031e+05
1.028673844404699445e+01 5.566364998420728371e+05
8.498825325680487097e+00 5.504952608847772935e+05
2.331096891145699956e+01 6.112385548728187568e+05
2.829136997392255992e+01 6.242145847860872746e+05
2.670942102287768094e+01 6.255661461185666267e+05
2.928505022395705737e+01 6.266369453680638690e+05
7.330557308279243678e+00 5.463871188437180826e+05
7.215971321335072908e+00 5.395226509787632385e+05
1.779354369799114721e+01 5.937697932659635553e+05
1.781719165766240565e+01 5.940485580898828339e+05
1.601588014686429418e+01 5.974386331870803842e+05
2.582014658723862510e+01 6.100824433341881959e+05
1.594050209476573698e+01 5.850436888058534823e+05
1.617762903389431628e+01 5.871398084279375616e+05
1.702551094181281499e+01 5.933536932015082566e+05
1.650386054504578937e+01 5.891524196061304538e+05
1.638227394617734234e+01 5.915960531847318634e+05
1.585211386932772371e+01 5.872780483666873770e+05
7.389555833632329040e+00 5.394479131192474160e+05
7.159073681671038081e+00 5.354288619509094860e+05
1.720921055649668219e+01 5.997807066529941512e+05
1.600912933625008350e+01 5.801213307605825830e+05
6.897169660569739236e+00 5.353766237125704065e+05
7.120951823361163058e+00 5.373769645311390050e+05
1.688402054659925966e+01 6.009262857414335012e+05
7.075486133324504046e+00 5.409245934495091205e+05
7.302172498623726860e+00 5.350391042803433957e+05
1.702781162558773786e+01 5.868621623706544051e+05
5.952207029706756636e+00 5.545346714196089888e+05
7.237561870859214430e+00 5.552991363189998083e+05
8.071613328449505076e+00 5.450213258646122413e+05
7.537994127782635445e+00 5.406046315375508275e+05
1.592432036827776010e+01 5.831530540020607878e+05
3.862555535254924166e+01 6.393607539119835710e+05
7.609702399288807761e+00 5.533044913438088261e+05
7.703928666044272511e+00 5.524209075348421466e+05
7.752577532358022161e+00 5.349279464929973474e+05
8.001133652899317994e+00 5.380848890780966030e+05
1.747074468214833587e+01 6.024326686767149949e+05
1.213755745262714569e+01 5.647420274954475462e+05
1.172938990512506940e+01 5.709609856061636237e+05
1.452638380608150825e+01 5.779336379193285247e+05
7.459016386286916322e+00 5.450417324693785049e+05
6.461396167050544648e+00 5.686700147457767744e+05
2.073034649537045127e+01 5.991738619482811773e+05
1.687092974098636233e+01 5.897397334605205106e+05
2.277518369266782017e+01 6.150590983835669467e+05
8.678834459154577630e+00 5.462729070129962638e+05
2.065903052092126657e+01 6.010994099561444018e+05
1.604005155749573674e+01 5.900622512314053020e+05
2.216780974068519328e+01 6.004192388598957332e+05
1.615372806422604768e+01 6.007528878270799760e+05
1.655371899431520788e+01 6.016008760455646552e+05
1.679634190620313205e+01 5.957683217340710107e+05
7.182784162054096200e+00 5.387282430383745814e+05
6.481464533462188982e+00 5.325577111964254873e+05
6.670542133037520749e+00 5.587597258163898950e+05
5.880023326682184859e+00 5.478542855841420824e+05
2.463064495409064136e+01 6.131133187658205861e+05
2.948074439577752770e+01 6.179256330220440868e+05
1.825624578161366074e+01 5.829508947925093817e+05
1.564131491289542453e+01 5.765363669325656956e+05
1.637273830640043926e+01 5.803061406314421911e+05
1.636716005459395262e+01 5.796861156094296603e+05
2.425846450727245696e+01 6.106326718211970292e+05
2.760880915674749403e+01 6.170175355989470845e+05
7.072466126455274171e+00 5.468006031362324720e+05
1.628848060670961928e+01 5.799209743112307042e+05
1.624145515433631815e+01 5.778554629622397479e+05
6.480121896377753821e+00 5.615456388636886841e+05
6.491471114418366994e+00 5.580903471787322778e+05
7.256966799700061088e+00 5.327478685025642626e+05
7.101346501577074477e+00 5.293347805577745894e+05
1.581707300818150763e+01 5.744494870235557901e+05
1.334941335594231404e+01 5.623174709676919738e+05
7.139584416857456262e+00 5.423782522934874287e+05
1.630077188467388183e+01 5.935535479728521314e+05
6.340155095435093813e+00 5.275846673457582947e+05
6.521837354422125088e+00 5.298919188951028045e+05
8.765427387263134307e+00 5.480348929559554672e+05
2.240820192022244939e+01 6.071793727322816849e+05
7.254749962710078215e+00 5.438337924487231066e+05
7.495713455569623207e+00 5.428492841377515579e+05
6.137319925022498346e+00 5.603613441188220168e+05
6.913048076643732109e+00 5.483519478483229177e+05
6.987083206777764843e+00 5.500037513214249630e+05
1.662923275847574800e+01 5.890771239310714882e+05
7.073035791686974605e+00 5.326041577968652127e+05
7.688291003025898185e+00 5.466031640183835989e+05
2.277902680140445568e+01 6.018114724513464607e+05
1.810013718305246755e+01 5.973234038138920441e+05
6.843559845563057742e+00 5.228749820343417814e+05
1.661656140204377152e+01 5.841745613219747320e+05
1.636710176223707691e+01 5.811754470973869320e+05
1.572188709990304289e+01 5.918434947363469983e+05
1.051314596294157511e+01 5.880246297942405799e+05
1.141539569017862199e+01 5.600807416431820020e+05
1.204309184103223984e+01 5.574284355755463475e+05
2.129098700058741045e+01 6.015451844133435516e+05
9.551989869337438321e+00 5.548602873662787024e+05
1.826907179214197896e+01 6.035353337716258829e+05
1.752882986678477550e+01 6.033292178122195182e+05
