2.103999168113428464e-01
4.332776837384262336e-01
5.075785246672459561e-01
5.279547507957171870e-01
5.330438241464114935e-01
5.340153591579861470e-01
5.343268627025463680e-01
5.345257125289353262e-01
5.346789713541666433e-01
5.348187282986112123e-01
5.349385633680555641e-01
5.350450376157407373e-01
5.351455692997683089e-01
5.352337384259251429e-01
5.353155183015051444e-01
5.353917118778941386e-01
5.354603569878471081e-01
5.355272442853006298e-01
5.355885525173617046e-01
5.356456036603004511e-01
5.357015317563655898e-01
5.357525716145834505e-01
5.358022153501154072e-01
5.358506944444444420e-01
5.358958116319447740e-01
5.359402434172449992e-01
5.359821813512729571e-01
5.360230287905090041e-01
5.360635597511572703e-01
5.361017306857642772e-01
5.361393663194443659e-01
5.361761085792823289e-01
5.362113226996529924e-01
5.362468749999997897e-01
5.362809932002310376e-01
5.363141565393513277e-01
5.363473885995366786e-01
5.363793384693283928e-01
5.364111635561341629e-01
5.364423611111107659e-01
5.364728533709491876e-01
5.365036259403936914e-01
5.365334490740744089e-01
5.365629032841434665e-01
5.365921043113425215e-01
5.366211009837964507e-01
5.366498896846068067e-01
5.366781846788190036e-01
5.367061650028934761e-01
5.367343026620365887e-01
5.367622540509257023e-01
5.367895634403936356e-01
5.368172092013887564e-01
5.368449905960646085e-01
5.368733235677085602e-01
5.369024504484953830e-01
5.369321885850694143e-01
5.369633463541663154e-01
5.369957266348379665e-01
5.370309244791663383e-01
5.370683774594906534e-01
5.371089771412039804e-01
5.371537434895833352e-01
5.372038067853011079e-01
5.372604040075228404e-01
5.373238841869213411e-01
5.373946777343752146e-01
5.374755353009260661e-01
5.375694751880787381e-01
5.376793023003475502e-01
5.378085901331018936e-01
5.379611454716435315e-01
5.381397533275462663e-01
5.383449218749999376e-01
5.385782968026616713e-01
5.388420518663192826e-01
5.391382034866893935e-01
5.394698097511574364e-01
5.398479239004632113e-01
5.402844057436344549e-01
5.407899685329859985e-01
5.413791124131946964e-01
5.420631962528935643e-01
5.428670518663194500e-01
5.438140245225693281e-01
5.449293601707172474e-01
5.462375072337963822e-01
5.477645616319444244e-01
5.495334129050923888e-01
5.515636103877317176e-01
5.538943051938652884e-01
5.565427101417820266e-01
5.594993290653929030e-01
5.627634783709490884e-01
5.663433015046297481e-01
5.702434389467594400e-01
5.744503851996524135e-01
5.789727864583331662e-01
5.838200068721064451e-01
5.890024377893521290e-01
5.945563078703705040e-01
6.005045428240736172e-01
6.068647243923610546e-01
6.136161621093751961e-01
6.207514431423610812e-01
6.282351598668982628e-01
6.360732873987271496e-01
6.442626501012731488e-01
6.528120551215275125e-01
6.616718713831013510e-01
6.708585756655094379e-01
6.803273383246528638e-01
6.899220341435189363e-01
6.995932382089119494e-01
7.093531919126153662e-01
7.191302463107639431e-01
7.289341055410875070e-01
7.387308467158567593e-01
7.485207754629622512e-01
7.582740614149315883e-01
7.679209129050924565e-01
7.774074634693285413e-01
7.867039207175920978e-01
7.957990668402775691e-01
8.046974790219905138e-01
8.133822934751164802e-01
8.217842918113426043e-01
8.299099030671301946e-01
8.378718062789350940e-01
8.457244140625007622e-01
8.535460973668975715e-01
8.611725459346069034e-01
8.684361581307876721e-01
8.754026837384268900e-01
8.820617006655101511e-01
8.884691912615739762e-01
8.946103587962959125e-01
9.005233109085640786e-01
9.062220594618048963e-01
9.117153012876157980e-01
9.170253164785887590e-01
9.221614728009263073e-01
9.270654314959498876e-01
9.317234555844904342e-01
9.361779152199066756e-01
9.403353841145840608e-01
9.442847421151618903e-01
9.479930664062501400e-01
9.514938187210647547e-01
9.548020290798624465e-01
9.579569878472219413e-01
9.608041739004633541e-01
9.634761899594910250e-01
9.659201027199071365e-01
9.681681857638888555e-01
9.702424117476844412e-01
9.721615053530094919e-01
9.739393988715271400e-01
9.755794994212960702e-01
9.771281955295145760e-01
9.785766818576391302e-01
9.799056333188661538e-01
9.811220088252321503e-01
9.822422218605316724e-01
9.832545355902785333e-01
9.842222692418978180e-01
9.851101255063656748e-01
9.859413538049767167e-01
9.867093008535888776e-01
9.874477394386579343e-01
9.881256040219911219e-01
9.887590386284722532e-01
9.893374692563654538e-01
9.898887912326386207e-01
9.904176739728017820e-01
9.908988226996533477e-01
9.913717881944447141e-01
9.918243923611119728e-01
9.922612919560193090e-01
9.926593948929380851e-01
9.930428946035873006e-01
9.934001826533571666e-01
9.937531394675929164e-01
9.940629249855321703e-01
9.943655201099547147e-01
9.946583713107643998e-01
9.949268192997691163e-01
9.951645706741902853e-01
9.954065502025460921e-01
9.956337619357634727e-01
9.958527398003468312e-01
9.960504991319437673e-01
9.962405526620371488e-01
9.964227322048625490e-01
9.965952039930542350e-01
9.967527379918976749e-01
9.969091959635414391e-01
9.970777904369211297e-01
9.972318901909728028e-01
9.973714337384264050e-01
9.975136266637736338e-01
9.976602792245370388e-01
9.977819571035887458e-01
9.979088740596061546e-01
9.980279242621538094e-01
9.981449996383103818e-01
9.982522894965280003e-01
9.983493525752303865e-01
9.984431604456017739e-01
9.985366012008101144e-01
9.986208532262733639e-01
9.986931043836803079e-01
9.987785228587959807e-01
9.988591019241900293e-01
9.989316008391203594e-01
9.989943323206020853e-01
9.990623480902776077e-01
9.991247323495373589e-01
9.991803403501158254e-01
9.992365379050929253e-01
9.992887026186342281e-01
9.993428077980317514e-01
9.993897298177081279e-01
9.994312319155094215e-01
9.994748517071763150e-01
9.995146900318289118e-01
9.995485098379632838e-01
9.995820493344905744e-01
9.996160029658568424e-01
9.996469419126152722e-01
9.996721010561345766e-01
9.996944932725696509e-01
9.997179470486117214e-01
9.997411241319441588e-01
9.997584617332178070e-01
9.997770164207174792e-01
9.997931749131943047e-01
9.998098307291669595e-01
9.998291540075231465e-01
9.998501048900458876e-01
9.998748336226850331e-01
9.998933702256945777e-01
9.999090802228006725e-01
9.999229456018522422e-01
9.999349591290509487e-01
9.999449580439814245e-01
9.999535445601853700e-01
9.999633246527777075e-01
9.999710376880787122e-01
9.999793330439814554e-01
9.999847457320601984e-01
9.999901276765045255e-01
9.999937029803240840e-01
9.999968171296296227e-01
9.999985170717592409e-01
1.000000000000000000e+00
